1.6396591663360596
1.5830447673797607
1.582247018814087
1.6234989166259766
1.5959060192108154
1.6222822666168213
1.580756425857544
1.6170246601104736
1.606520652770996
1.6121747493743896
1.636892557144165
1.6386878490447998
1.5734033584594727
1.6061780452728271
1.5873594284057617
1.5776126384735107
1.6704554557800293
1.6103324890136719
1.598604679107666
1.589341402053833
1.5759193897247314
1.5985331535339355
1.5991578102111816
1.6994953155517578
1.680762767791748
1.6195707321166992
1.610367774963379
1.6429641246795654
1.6437983512878418
1.6070990562438965
1.5984737873077393
1.6072919368743896
1.577507495880127
1.6087844371795654
1.591573715209961
1.5849101543426514
1.6038739681243896
1.6449437141418457
1.6448543071746826
1.5839273929595947
1.5914037227630615
1.6920487880706787
1.5851764678955078
1.5863947868347168
1.6048381328582764
1.6039013862609863
1.6096155643463135
1.571258783340454
1.6069774627685547
1.6434478759765625
1.6140756607055664
1.6544179916381836
1.5897231101989746
1.6500797271728516
1.6184515953063965
1.5831396579742432
1.6286234855651855
1.6267576217651367
1.623426914215088
1.5907890796661377
1.585129737854004
1.6058156490325928
1.60312819480896
1.6088829040527344
1.620840072631836
1.594559907913208
1.6420776844024658
1.5779500007629395
1.5778491497039795
1.6333565711975098
1.5901384353637695
1.6168701648712158
1.6304590702056885
1.5880050659179688
1.6516304016113281
1.6489005088806152
1.705850601196289
1.582291603088379
1.5905742645263672
1.6764819622039795
1.6040444374084473
1.6080029010772705
1.6090152263641357
1.6001293659210205
1.5719084739685059
1.5935864448547363
1.5834214687347412
1.6006815433502197
1.6099236011505127
1.6141204833984375
1.602186918258667
1.6038339138031006
1.5999789237976074
1.6206324100494385
1.5823888778686523
1.6561095714569092
1.6078104972839355
1.6235744953155518
1.5859026908874512
1.6233868598937988
1.5840163230895996
1.576524257659912
1.6206765174865723
1.6113574504852295
1.5827734470367432
1.5957510471343994
1.5994901657104492
1.5905838012695312
1.622234582901001
1.612354040145874
1.6203935146331787
1.6147944927215576
1.56846284866333
1.5905792713165283
1.6045145988464355
1.6227126121520996
1.614619255065918
1.5832617282867432
1.5975189208984375
1.5887231826782227
1.5766804218292236
1.624830961227417
1.5785179138183594
1.637618064880371
1.6427624225616455
1.6266624927520752
1.6304833889007568
1.6120774745941162
1.607107400894165
1.5977904796600342
1.6068296432495117
1.587407112121582
1.5946629047393799
1.6488368511199951
1.60524582862854
1.6078407764434814
1.6498026847839355
1.6088292598724365
1.603572130203247
1.60243821144104
1.6333088874816895
1.6180994510650635
1.6360678672790527
2.100445508956909
1.6078646183013916
1.6691741943359375
1.6685163974761963
1.6109552383422852
1.5808007717132568
1.5842845439910889
1.6326260566711426
1.600222110748291
1.6116092205047607
1.6092023849487305
1.6063928604125977
1.6000571250915527
1.62943696975708
1.6244680881500244
1.5903680324554443
1.6020894050598145
1.618837594985962
1.6171729564666748
1.610541582107544
1.6453449726104736
1.6165649890899658
1.5724072456359863
1.6169440746307373
1.63120698928833
1.6170718669891357
1.6363117694854736
1.6129553318023682
1.6046233177185059
1.6072206497192383
1.6041302680969238
1.6558043956756592
1.5986299514770508
1.6262013912200928
1.613389253616333
1.658778190612793
1.6672840118408203
1.6009290218353271
1.6358017921447754
1.6143720149993896
1.618375539779663
1.6022052764892578
1.766834020614624
1.5717904567718506
1.6261029243469238
1.6298985481262207
1.6336088180541992
1.6306226253509521
1.59189772605896
1.5962047576904297
1.651930332183838
1.6278228759765625
1.604508876800537
1.6363627910614014
1.61201810836792
1.6092579364776611
1.6237640380859375
1.6458067893981934
1.6086750030517578
1.636279821395874
1.613349437713623
1.6127703189849854
1.645911455154419
1.604114055633545
1.5679292678833008
1.6105239391326904
1.6379668712615967
1.6277210712432861
1.5966057777404785
1.6228463649749756
1.5601000785827637
1.5970447063446045
1.582573652267456
1.637725591659546
1.622016429901123
1.6121490001678467
1.5937187671661377
1.5972528457641602
1.6112849712371826
1.5892529487609863
1.6074607372283936
1.6327154636383057
1.6016461849212646
1.6344773769378662
1.574932336807251
1.574908971786499
1.6270701885223389
1.623642921447754
1.576866865158081
1.6546237468719482
1.6107003688812256
1.6316156387329102
1.6369056701660156
1.6187138557434082
1.6315867900848389
1.6065526008605957
1.6023411750793457
1.6595067977905273
1.6207988262176514
1.6264996528625488
1.627971887588501
1.585897445678711
1.5922555923461914
1.6012041568756104
1.6380574703216553
1.5954370498657227
1.6349811553955078
1.5750231742858887
1.6009066104888916
1.683300256729126
1.597316026687622
1.6179454326629639
1.611072301864624
1.5948312282562256
1.5934011936187744
1.598332405090332
1.6445932388305664
1.5966875553131104
1.6120307445526123
1.5875916481018066
1.5852360725402832
1.646467924118042
1.6024932861328125
1.6048009395599365
1.6122283935546875
1.6529288291931152
1.5997259616851807
1.6005051136016846
1.594637393951416
1.5581932067871094
1.5607519149780273
1.6048505306243896
1.5676350593566895
1.6022953987121582
1.604811429977417
1.6085128784179688
1.66180419921875
1.640397071838379
1.5974583625793457
1.6232426166534424
1.578092098236084
1.6003942489624023
1.6291203498840332
1.641115427017212
1.5935909748077393
1.5731704235076904
1.6149656772613525
1.5926971435546875
1.584317684173584
1.595308780670166
1.6085524559020996
1.6933424472808838
1.6116600036621094
1.6436550617218018
1.6296193599700928
1.9178121089935303
1.6292650699615479
1.6921474933624268
1.6081621646881104
1.583650827407837
1.6077361106872559
1.8504207134246826
1.6282320022583008
1.586573600769043
1.6204135417938232
1.6222882270812988
1.6026203632354736
1.6515841484069824
1.6176486015319824
1.660181999206543
1.6016933917999268
1.5810201168060303
1.6201286315917969
1.6059956550598145
1.5611677169799805
1.6017463207244873
1.6484172344207764
1.5885951519012451
1.6369493007659912
1.6118605136871338
1.6589910984039307
1.626952886581421
1.615652084350586
1.63698148727417
1.6119213104248047
1.6045026779174805
1.6059701442718506
1.6231417655944824
1.6189253330230713
1.5959508419036865
1.5914359092712402
1.6288840770721436
1.6034014225006104
1.5892407894134521
1.6407737731933594
1.5985960960388184
1.6204078197479248
1.6447434425354004
1.649634599685669
1.6198012828826904
1.5959014892578125
1.6357307434082031
1.5777051448822021
1.618326187133789
1.6068859100341797
1.6344847679138184
1.6002743244171143
1.5900044441223145
1.5798826217651367
1.625889539718628
1.6354997158050537
1.6446785926818848
1.6100449562072754
1.5980803966522217
1.6078917980194092
1.5927839279174805
1.6244893074035645
1.6127171516418457
1.6258797645568848
1.619314193725586
1.638073205947876
1.6457054615020752
1.6050338745117188
1.5990004539489746
1.6189301013946533
1.6080474853515625
1.618492841720581
1.6159143447875977
1.637129306793213
1.6114869117736816
1.6096508502960205
1.6056625843048096
1.649693250656128
1.6429202556610107
1.6038954257965088
1.6468110084533691
1.620345115661621
1.6235077381134033
1.5916659832000732
1.5936353206634521
1.633650541305542
1.6427028179168701
1.5931200981140137
1.620736837387085
1.6266427040100098
1.6089091300964355
1.5772619247436523
1.6108264923095703
1.6373357772827148
1.5927927494049072
1.6473193168640137
1.6618528366088867
1.5881118774414062
1.5963480472564697
1.5938725471496582
1.6321237087249756
1.596242904663086
1.5840787887573242
1.6288025379180908
1.5984814167022705
1.6015403270721436
1.6691505908966064
1.6055502891540527
1.604511022567749
1.618168592453003
1.6550281047821045
1.5932657718658447
1.573782205581665
1.594057321548462
1.6696758270263672
1.5776829719543457
1.5954792499542236
1.6059889793395996
1.602097988128662
1.5923972129821777
1.5974626541137695
1.61061429977417
1.6171226501464844
1.6556463241577148
1.6079814434051514
1.6098432540893555
1.6347453594207764
1.6132335662841797
1.5932106971740723
1.6097586154937744
1.6130430698394775
1.612597942352295
1.6627423763275146
1.6260654926300049
1.6242785453796387
1.6200909614562988
1.6022059917449951
1.583765983581543
1.6014699935913086
1.617375373840332
1.6458346843719482
1.6028411388397217
1.606977939605713
1.6533668041229248
1.6192090511322021
1.6078846454620361
1.6124756336212158
1.6131558418273926
1.6074104309082031
1.6243009567260742
1.6069846153259277
1.636988878250122
1.628950834274292
1.5894224643707275
1.581829309463501
1.5733389854431152
1.6477563381195068
1.6022021770477295
1.5936739444732666
1.6473300457000732
1.6287410259246826
1.6100904941558838
1.5981831550598145
1.6021084785461426
1.5794305801391602
1.5887477397918701
1.6576952934265137
1.6412863731384277
1.578455924987793
1.610811471939087
1.633162260055542
1.637075662612915
1.6790966987609863
1.5982449054718018
1.634765386581421
1.597487449645996
1.6111550331115723
1.6148991584777832
1.66131591796875
1.641252040863037
1.6382958889007568
1.5923497676849365
1.5881130695343018
1.6291472911834717
1.6469974517822266
1.5916757583618164
1.5963685512542725
1.6315515041351318
1.6324825286865234
1.6054973602294922
1.622941493988037
1.652219295501709
1.6468677520751953
1.6201801300048828
1.6139376163482666
1.6354613304138184
1.5806782245635986
1.6011974811553955
1.6085565090179443
1.675626277923584
1.6116833686828613
